1.27016965529830e+03
1.86123241126552e+03
6.15921167656964e+02
1.28517472730235e+03
1.25951015595200e+03
1.42463756037162e+03
1.98527246809362e+03
4.75387873067851e+02
1.49834915543303e+02
1.91252300543624e+02
2.08472072611048e+02
2.61407628847737e+02
5.74656055788934e+02
1.94208570030691e+02
3.72531276662753e+01
2.13012768739928e+02
8.91967181881432e+03
2.57676693628247e+03
1.64015673942105e+03
5.35312726487618e+03
4.09382349762098e+03
4.29034808127419e+03
2.08258910607634e+02
1.03963650923986e+03
2.18163935561712e+03
1.56334840289330e+02
2.36918349532495e+02
5.87979606099747e+02
1.02189356432400e+02
4.31715181448550e+02
7.20761521703070e+02
7.76840271000364e+02
9.35548280460725e+03
4.24855180522733e+03
4.45782523917755e+03
1.30293777413259e+04
9.51087477312331e+03
3.87676830799756e+02
2.35458185162478e+03
3.33542188913844e+03
1.15170724227025e+03
2.60550357993551e+02
1.17696324897488e+03
5.66568862800519e+02
1.19332865889418e+03
4.24656174316038e+02
1.69932333969996e+03
3.81918184824422e+03
1.22875669650702e+04
7.96552408551612e+03
8.74662297198229e+03
2.51562812371532e+04
4.76185148227376e+02
2.73495169092347e+03
5.49205248966101e+03
1.90488386650294e+03
2.06632175840461e+03
2.73371122704175e+03
7.31080333196089e+02
3.59903338389290e+03
7.84416105380836e+02
9.82147896685717e+02
7.42713971062430e+03
3.44799934822231e+03
2.00763282592844e+04
1.24964984713205e+04
1.46059539752715e+04
1.27644391056180e+03
4.53375767687512e+03
5.38695789335917e+03
2.77854537190201e+03
2.96324143220780e+03
5.14077465288409e+03
-6.07497269063717e+01
4.87484343505072e+03
3.19020598379400e+03
1.55033642241311e+03
3.60923824190806e+03
6.39208547199236e+03
3.95698870490314e+03
2.69394071040065e+04
1.65783972878025e+04
6.92593385336715e+02
9.46405071304673e+03
7.62115030846850e+03
2.46906529795340e+03
3.42763263227776e+03
8.93290747213038e+03
6.55052194576832e+03
2.89881504150610e+03
3.31728558086553e+03
5.02893394674091e+03
4.78238633654854e+03
2.80718373244477e+03
6.73695668649763e+03
5.87665548385270e+03
2.79324142967822e+04
5.86782889047057e+02
4.19376168542026e+03
1.35389904476787e+04
3.08909684935311e+03
2.70371256296086e+03
9.29500089520364e+03
6.65447353868463e+03
