4.62689470403036e+03
7.15091372934547e+03
1.19091433762260e+03
2.05905675396257e+03
1.88596657598061e+03
3.76603246833471e+02
7.46227490268587e+02
-7.18378478226219e+01
9.49632284170796e+01
2.08166765376668e+02
3.04360382027264e+01
1.50075292116119e+02
3.25503873360674e+02
1.45481597968194e+02
1.68497659330579e+03
9.20951515749119e+02
3.56792907692316e+04
7.73485503929474e+03
1.50844669365484e+03
3.27249719181508e+03
1.16829278109624e+03
1.90197612206015e+03
1.73420421241842e+02
5.35917723201123e+01
6.62139459697010e+02
1.80742473498473e+02
6.06644710616897e+01
6.63870029593464e+02
2.20369186671833e+02
9.70493157817645e+02
3.24279080409942e+03
1.93303799299609e+03
2.92266305845388e+04
6.00802459156478e+03
1.88813538490752e+03
3.59881604353276e+03
7.00554870390768e+03
7.82165271131002e+02
1.53169789462563e+02
3.52379569267639e+02
5.35131782111601e+02
4.65606603303177e+02
6.11394620399459e+02
3.22888576457218e+02
2.03531880430268e+03
1.27015238619787e+03
6.38691003744976e+03
1.06521319696458e+04
1.82191512350901e+04
5.37971837247610e+03
2.05933575228319e+03
2.18414002019519e+04
3.32115420961841e+03
3.31324913774003e+02
6.28013599230025e+02
2.57450825789221e+02
1.89767284787507e+03
3.64630270764104e+03
3.31377256153929e+02
2.74420589917227e+03
2.00684363786444e+03
1.81278218229979e+03
3.10058148344642e+04
7.66123641241445e+03
1.43308936816914e+04
4.93496310302419e+03
1.10944153886547e+04
1.02236484829759e+04
1.05525108564127e+03
1.06793152439620e+03
7.42976199570782e+02
7.56850243912168e+02
1.24775734645614e+04
2.11475998869550e+03
2.24058827999963e+03
2.24984047579905e+03
2.21749955047118e+03
7.48081711736122e+03
2.05024502765594e+04
4.28174199124939e+03
1.15372728742564e+04
2.11001320252867e+04
4.61143901666471e+03
2.79435930453730e+03
2.81789631222970e+03
1.41571482648474e+03
1.32920989154629e+03
4.47008863472706e+03
7.32931651454451e+03
1.28513229314394e+04
1.50112401558811e+03
2.05985775532736e+03
7.69356804031387e+03
4.51975048684758e+03
1.04382436071591e+04
3.16932827750426e+03
4.08408386690155e+04
7.45699235324702e+03
1.10023656936002e+03
6.22336342769865e+03
3.80095690867628e+03
2.11115837201740e+03
7.08785562765572e+03
2.35840213054950e+03
